DaysSinceStart = 12
LvObfuscation = false
93200,1,1,none,-1
98000,1,1,c5f451a9-874f-4d6e-9b0d-0de992717658,-1
101200,1,1,abb595b9-40aa-403f-8ee9-b417293d38f0,-1
89400,1,1,fc674dc8-c62d-4030-be08-dcb23afa0dc2,-1
200,1,1,main,0,7d7c338e-5b3d-4b4c-936a-d282c1911d00,-1
201,1,1,ed35d894-7ef5-42c5-a38a-4a2ee735c980,-1
203,1,1,dbd1c43a-70d6-4244-b5d1-025f4d874683,-1
204,1,1,main,0,0ff48c59-a40d-4e51-bb25-3b8a9499c119,-1
205,1,1,435b486e-c0d3-48de-9c24-39de58a83e88,-1
91200,1,1,none,-1
107600,1,1,none,-1
95000,1,1,none,-1
94200,1,1,GEN-602069,-1
